////Name, Population estimate, Regiestered % GOP, % DNC, % Other
data = [["Alabama", 4858979, 49.0, 35.0, 16.0],
["Alaska", 738432, 26.7, 13.8, 59.5],
["Arizona", 6828065, 34.4, 28.9, 36.7],
["Arkansas", 2978204, 44.0, 37.0, 19.0],
["California", 39144818, 28.1, 43.3, 28.6],
["Colorado", 5456574, 32.9, 30.9, 36.2],
["Connecticut", 3590886, 20.8, 36.4, 42.8],
["Delaware", 945934, 28.0, 47.5, 44.5],
["District of Columbia", 672228, 6.6, 75.0, 18.4],
["Florida", 20271272, 35.0, 38.8, 26.2],
["Georgia", 10214860, 43.0, 39.0, 18],
["Hawaii", 1431603, 35.0, 49.0, 16.0],
["Idaho", 1654930, 52.0, 27.0, 21.0],
["Illinois", 12859995, 35.0, 47.0, 18.0],
["Indiana", 6619680, 44.0, 37.0, 19.0],
["Iowa", 3123899, 32.0, 31.1, 36.9],
["Kansas", 2911641, 44.1, 24.3, 31.6],
["Kentucky", 4425092, 38.8, 53.4, 7.8],
["Louisiana", 4670724, 27.7, 46.8, 25.5],
["Maine", 1329328, 27.1, 31.9, 41.0],
["Maryland", 6006401, 25.7, 54.9, 19.4],
["Massachusetts", 6794422, 10.9, 35.3, 53.8],
["Michigan", 9922576, 37.0, 44.0, 19.0],
["Minnesota", 5489594, 39.0, 44.0, 17.0],
["Mississippi", 2992333, 46.0, 38.0, 16.0],
["Missouri", 6083672, 44.0, 39.0, 17.0],
["Montana", 1032949, 51.0, 33.0, 16.0],
["Nebraska", 1896190, 48.3, 30.9, 20.8],
["Nevada", 2890845, 34.6, 39.7, 25.7],
["New Hampshire", 1330608, 30.1, 27.2, 42.7],
["New Jersey", 8958013, 19.7, 32.7, 47.6],
["New Mexico", 2085109, 31.2, 46.6, 22.2],
["New York", 19795791, 23.9, 49.4, 26.7],
["North Carolina", 10042802, 30.4, 41.7, 27.9],
["North Dakota", 756927, 47.0, 36.0, 17.0],
["Ohio", 11613423, 42.0, 41.0, 17.0],
["Oklahoma", 3911338, 43.6, 43.7, 12.7],
["Oregon", 4028977, 29.9, 37.8, 32.3],
["Pennsylvania", 12802503, 36.7, 49.5, 13.8],
["Rhode Island", 1056298, 10.9, 41.5, 47.6],
["South Carolina", 4896146, 44.0, 39.0, 17.0],
["South Dakota", 858469, 46.2, 33.8, 20.0],
["Tennessee", 6600299, 47.0, 35.0, 18.0],
["Texas", 27469114, 41.0, 37.0, 22.0],
["Utah", 2995919, 59.0, 26.0, 15.0],
["Vermont", 626042, 31.0, 47.0, 22.0],
["Virginia", 8382993, 42.0, 40.0, 18.0],
["Washington", 7170351, 37.0, 45.0, 18.0],
["West Virginia", 1844128, 28.9, 49.4, 21.7],
["Wisconsin", 5771337, 41.0, 43.0, 16.0],
["Wyoming", 586107, 66.7, 19.8, 13.5]]
