////Name, Population estimate, Regiestered % GOP, % DNC, % Other
data = [
{"name": "Alabama", "population": 4858979, 49.0, 35.0, 16.0},
{"name": "Alaska", "population": 738432, 26.7, 13.8, 59.5},
{"name": "Arizona", "population": 6828065, 34.4, 28.9, 36.7},
{"name": "Arkansas", "population": 2978204, 44.0, 37.0, 19.0},
{"name": "California", "population": 39144818, 28.1, 43.3, 28.6},
{"name": "Colorado", "population": 5456574, 32.9, 30.9, 36.2},
{"name": "Connecticut", "population": 3590886, 20.8, 36.4, 42.8},
{"name": "Delaware", "population": 945934, 28.0, 47.5, 44.5},
{"name": "District of Columbia", "population": 672228, 6.6, 75.0, 18.4},
{"name": "Florida", "population": 20271272, 35.0, 38.8, 26.2},
{"name": "Georgia", "population": 10214860, 43.0, 39.0, 18.0},
{"name": "Hawaii", "population": 1431603, 35.0, 49.0, 16.0},
{"name": "Idaho", "population": 1654930, 52.0, 27.0, 21.0},
{"name": "Illinois", "population": 12859995, 35.0, 47.0, 18.0},
{"name": "Indiana", "population": 6619680, 44.0, 37.0, 19.0},
{"name": "Iowa", "population": 3123899, 32.0, 31.1, 36.9},
{"name": "Kansas", "population": 2911641, 44.1, 24.3, 31.6},
{"name": "Kentucky", "population": 4425092, 38.8, 53.4, 7.8},
{"name": "Louisiana", "population": 4670724, 27.7, 46.8, 25.5},
{"name": "Maine", "population": 1329328, 27.1, 31.9, 41.0},
{"name": "Maryland", "population": 6006401, 25.7, 54.9, 19.4},
{"name": "Massachusetts", "population": 6794422, 10.9, 35.3, 53.8},
{"name": "Michigan", "population": 9922576, 37.0, 44.0, 19.0},
{"name": "Minnesota", "population": 5489594, 39.0, 44.0, 17.0},
{"name": "Mississippi", "population": 2992333, 46.0, 38.0, 16.0},
{"name": "Missouri", "population": 6083672, 44.0, 39.0, 17.0},
{"name": "Montana", "population": 1032949, 51.0, 33.0, 16.0},
{"name": "Nebraska", "population": 1896190, 48.3, 30.9, 20.8},
{"name": "Nevada", "population": 2890845, 34.6, 39.7, 25.7},
{"name": "New Hampshire", "population": 1330608, 30.1, 27.2, 42.7},
{"name": "New Jersey", "population": 8958013, 19.7, 32.7, 47.6},
{"name": "New Mexico", "population": 2085109, 31.2, 46.6, 22.2},
{"name": "New York", "population": 19795791, 23.9, 49.4, 26.7},
{"name": "North Carolina", "population": 10042802, 30.4, 41.7, 27.9},
{"name": "North Dakota", "population": 756927, 47.0, 36.0, 17.0},
{"name": "Ohio", "population": 11613423, 42.0, 41.0, 17.0},
{"name": "Oklahoma", "population": 3911338, 43.6, 43.7, 12.7},
{"name": "Oregon", "population": 4028977, 29.9, 37.8, 32.3},
{"name": "Pennsylvania", "population": 12802503, 36.7, 49.5, 13.8},
{"name": "Rhode Island", "population": 1056298, 10.9, 41.5, 47.6},
{"name": "South Carolina", "population": 4896146, 44.0, 39.0, 17.0},
{"name": "South Dakota", "population": 858469, 46.2, 33.8, 20.0},
{"name": "Tennessee", "population": 6600299, 47.0, 35.0, 18.0},
{"name": "Texas", "population": 27469114, 41.0, 37.0, 22.0},
{"name": "Utah", "population": 2995919, 59.0, 26.0, 15.0},
{"name": "Vermont", "population": 626042, 31.0, 47.0, 22.0},
{"name": "Virginia", "population": 8382993, 42.0, 40.0, 18.0},
{"name": "Washington", "population": 7170351, 37.0, 45.0, 18.0},
{"name": "West Virginia", "population": 1844128, 28.9, 49.4, 21.7},
{"name": "Wisconsin", "population": 5771337, 41.0, 43.0, 16.0},
{"name": "Wyoming", "population": 586107, 66.7, 19.8, 13.5}
]
